1164176584
1150062826
1150038344
1165005356
1164186195
1153786207
1145448011
1108154695
1105527238
1150283763
1102565316
1153551115
1114201557
1138783047
1110649251
1107932448
1150271816
1153756548
1093670668
1187451110
1167581363
1187466832
1167417713
1170194461
1171007133
1217568425
1170225069
1169253672
1094658467
1105133139
1077505632
1097648465
1159943288
1165895073
1138241596
1149754838
1107385194
1063002851
1150287637
1105547864
1158452982
1150288274
1150817664
1110657782
1110639701
1163207266
1114184642
1105125008
1151006031
1093219269
1110136635
1095624234
1106085775
1138252156
1138606423
1110114949
1150041139
1153566411
1162192211
1153538989
1155612022
1157101457
